Node -7 3 0 2 2 1 0 0 0 1 
Node -7 -2 0 2 2 1 0 0 0 1 
Resistor -5 3 1 1 1 1 0 0 0 1 
Resistor -5 2 1 1 1 1 0 0 0 1 
Resistor -5 1 1 1 1 1 0 0 0 1 
Resistor -5 0 1 1 1 1 0 0 0 1 
Resistor -5 -1 1 1 1 1 0 0 0 1 
Resistor -5 -2 1 1 1 1 0 0 0 1 
Node -3 3 1 2 2 1 0 0 0 1 
Node -3 2 1 2 2 1 0 0 0 1 
Node -3 1 1 2 2 1 0 0 0 1 
Node -3 0 1 2 2 1 0 0 0 1 
Node -3 -1 1 2 2 1 0 0 0 1 
Node -3 -2 1 2 2 1 0 0 0 1 
Resistor -1 3 1 1 1 1 0 0 0 1 
Resistor -1 2 1 1 1 1 0 0 0 1 
Resistor -1 1 1 1 1 1 0 0 0 1 
Resistor -1 0 1 1 1 1 0 0 0 1 
Resistor -1 -1 1 1 1 1 0 0 0 1 
Resistor -1 -2 1 1 1 1 0 0 0 1 
Node 1 3 1 2 2 1 0 0 0 1 
Node 1 2 1 2 2 1 0 0 0 1 
Node 1 1 1 2 2 1 0 0 0 1 
Node 1 0 1 2 2 1 0 0 0 1 
Node 1 -1 1 2 2 1 0 0 0 1 
Node 1 -2 1 2 2 1 0 0 0 1 
Resistor 3 3 1 1 1 1 0 0 0 1 
Resistor 3 2 1 1 1 1 0 0 0 1 
Resistor 3 1 1 1 1 1 0 0 0 1 
Resistor 3 0 1 1 1 1 0 0 0 1 
Resistor 3 -1 1 1 1 1 0 0 0 1 
Resistor 3 -2 1 1 1 1 0 0 0 1 
Node 5 3 1 2 2 1 0 0 0 1 
Node 5 2 1 2 2 1 0 0 0 1 
Node 5 1 1 2 2 1 0 0 0 1 
Node 5 0 1 2 2 1 0 0 0 1 
Node 5 -1 1 2 2 1 0 0 0 1 
Node 5 -2 1 2 2 1 0 0 0 1 
Wire -6.39 3 2 1.3934 1 1 0 0 0 1 
Wire -3.61 3 2 1.3934 1 1 0 0 0 1 
Wire -2.39 3 2 1.3934 1 1 0 0 0 1 
Wire 0.39 3 2 1.3934 1 1 0 0 0 1 
Wire 1.61 3 2 1.3934 1 1 0 0 0 1 
Wire 4.39 3 2 1.3934 1 1 0 0 0 1 
Wire 5 2.5 2 1.0568 1 1 0 0 0.7071068 -0.7071068 
Wire 4.39 2 2 1.3934 1 1 0 0 1 -4.371139E-08 
Wire 1.61 2 2 1.3934 1 1 0 0 1 -4.371139E-08 
Wire 0.39 2 2 1.3934 1 1 0 0 1 -4.371139E-08 
Wire -2.39 2 2 1.3934 1 1 0 0 1 -4.371139E-08 
Wire -3.61 2 2 1.3934 1 1 0 0 1 -4.371139E-08 
Node -7 2 1 2 2 1 0 0 0 1 
Node -7 1 1 2 2 1 0 0 0 1 
Node -7 0 1 2 2 1 0 0 0 1 
Node -7 -1 1 2 2 1 0 0 0 1 
Wire -6.39 2 2 1.3934 1 1 0 0 1 -4.371139E-08 
Wire -7 1.5 2 1.0568 1 1 0 0 0.7071068 -0.7071068 
Wire -6.39 1 2 1.3934 1 1 0 0 0 1 
Wire -3.61 1 2 1.3934 1 1 0 0 0 1 
Wire -2.39 1 2 1.3934 1 1 0 0 0 1 
Wire 0.39 1 2 1.3934 1 1 0 0 0 1 
Wire 1.61 1 2 1.3934 1 1 0 0 0 1 
Wire 4.39 1 2 1.3934 1 1 0 0 0 1 
Wire 5 0.5 2 1.0568 1 1 0 0 0.7071068 -0.7071068 
Wire 4.39 0 2 1.3934 1 1 0 0 1 -4.371139E-08 
Wire 1.61 0 2 1.3934 1 1 0 0 1 -4.371139E-08 
Wire 0.39 0 2 1.3934 1 1 0 0 1 -4.371139E-08 
Wire -2.39 0 2 1.3934 1 1 0 0 1 -4.371139E-08 
Wire -3.61 0 2 1.3934 1 1 0 0 1 -4.371139E-08 
Wire -6.39 0 2 1.3934 1 1 0 0 1 -4.371139E-08 
Wire -7 -0.5 2 1.0568 1 1 0 0 0.7071068 -0.7071068 
Wire -6.39 -1 2 1.3934 1 1 0 0 0 1 
Wire -3.61 -1 2 1.3934 1 1 0 0 0 1 
Wire -2.39 -1 2 1.3934 1 1 0 0 0 1 
Wire 0.39 -1 2 1.3934 1 1 0 0 0 1 
Wire 1.61 -1 2 1.3934 1 1 0 0 0 1 
Wire 4.39 -1 2 1.3934 1 1 0 0 0 1 
Wire 5 -1.5 2 1.0568 1 1 0 0 0.7071068 -0.7071068 
Wire 4.39 -2 2 1.3934 1 1 0 0 1 -4.371139E-08 
Wire 1.61 -2 2 1.3934 1 1 0 0 1 -4.371139E-08 
Wire 0.39 -2 2 1.3934 1 1 0 0 1 -4.371139E-08 
Wire -2.39 -2 2 1.3934 1 1 0 0 1 -4.371139E-08 
Wire -3.61 -2 2 1.3934 1 1 0 0 1 -4.371139E-08 
Wire -6.39 -2 2 1.3934 1 1 0 0 1 -4.371139E-08 
Wire 1 2.5 2 1.0568 1 1 0 0 0.7071068 -0.7071068 
Wire -3 2.5 2 1.0568 1 1 0 0 0.7071068 -0.7071068 
Wire 5 1.5 2 1.0568 1 1 0 0 0.7071068 -0.7071068 
Wire 1 1.5 2 1.0568 1 1 0 0 0.7071068 -0.7071068 
Wire -3 1.5 2 1.0568 1 1 0 0 0.7071068 -0.7071068 
Wire -3 0.5 2 1.0568 1 1 0 0 0.7071068 -0.7071068 
Wire 1 0.5 2 1.0568 1 1 0 0 0.7071068 -0.7071068 
Wire 1 -1.5 2 1.0568 1 1 0 0 0.7071068 -0.7071068 
Wire -3 -1.5 2 1.0568 1 1 0 0 0.7071068 0.7071068 
Wire 5 -0.5 2 1.0568 1 1 0 0 0.7071068 -0.7071068 
Wire 1 -0.5 2 1.0568 1 1 0 0 0.7071068 -0.7071068 
Wire -3 -0.5 2 1.0568 1 1 0 0 0.7071068 -0.7071068 
Wire -7 0.5 2 1.0568 1 1 0 0 0.7071068 -0.7071068 

