Node -7 3 0 2 2 1 0 0 0 1 
Node -7 -2 0 2 2 1 0 0 0 1 
Resistor -5 3 1 1 1 1 0 0 0 1 
Resistor -5 -2 1 1 1 1 0 0 0 1 
Resistor -3 1 1 1 1 1 0 0 0.7071068 0.7071068 
Resistor -2 0 1 1 1 1 0 0 0.7071068 0.7071068 
Resistor 0 3 1 1 1 1 0 0 0 1 
Resistor 0 2 1 1 1 1 0 0 0 1 
Resistor 0 -2 1 1 1 1 0 0 0 1 
Resistor 2 0 1 1 1 1 0 0 0.7071068 0.7071068 
Resistor 4 2 1 1 1 1 0 0 0 1 
Resistor 6 0 1 1 1 1 0 0 0.7071068 0.7071068 
Resistor 4 -2 1 1 1 1 0 0 0 1 
Node -3 3 1 2 2 1 0 0 0 1 
Node -3 -2 1 2 2 1 0 0 0 1 
Node -2 -2 1 2 2 1 0 0 0 1 
Node -2 2 1 2 2 1 0 0 0 1 
Node 2 3 1 2 2 1 0 0 0 1 
Node 2 2 1 2 2 1 0 0 0 1 
Node 6 2 1 2 2 1 0 0 0 1 
Node 6 -2 1 2 2 1 0 0 0 1 
Node 2 -2 1 2 2 1 0 0 0 1 
Node -2 3 1 2 2 1 0 0 0 1 
Wire -6.39 3 2 1.3934 1 1 0 0 0 1 
Wire -3.61 3 2 1.3934 1 1 0 0 0 1 
Wire -2.5 3 2 1.0568 1 1 0 0 0 1 
Wire -3 2.39 2 1.3934 1 1 0 0 0.7071068 -0.7071068 
Wire -2 2.5 2 1.0568 1 1 0 0 0.7071068 -0.7071068 
Wire -2 1.39 2 1.3934 1 1 0 0 0.7071068 -0.7071068 
Wire -3.61 -2 2 1.3934 1 1 0 0 0 1 
Wire -3 -0.89 2 2.9234 1 1 0 0 0.7071068 -0.7071068 
Wire -2.5 -2 2 1.0568 1 1 0 0 0 1 
Wire -2 -1.39 2 1.3934 1 1 0 0 0.7071068 0.7071068 
Wire -1.39 -2 2 1.3934 1 1 0 0 0 1 
Wire 1.39 -2 2 1.3934 1 1 0 0 0 1 
Wire 2 -1.39 2 1.3934 1 1 0 0 0.7071068 0.7071068 
Wire -1.39 3 2 1.3934 1 1 0 0 0 1 
Wire -1.39 2 2 1.3934 1 1 0 0 0 1 
Wire 1.39 3 2 1.3934 1 1 0 0 0 1 
Wire 1.39 2 2 1.3934 1 1 0 0 0 1 
Wire 2 2.5 2 1.0568 1 1 0 0 0.7071068 -0.7071068 
Wire 2 1.39 2 1.3934 1 1 0 0 0.7071068 -0.7071068 
Wire 2.61 -2 2 1.3934 1 1 0 0 0 1 
Wire 2.61 2 2 1.3934 1 1 0 0 0 1 
Wire 5.39 2 2 1.3934 1 1 0 0 0 1 
Wire 6 1.39 2 1.3934 1 1 0 0 0.7071068 -0.7071068 
Wire 6 -1.39 2 1.3934 1 1 0 0 0.7071068 -0.7071068 
Wire 5.39 -2 2 1.3934 1 1 0 0 0 1 
Wire -6.39 -2 2 1.3934 1 1 0 0 1 -4.371139E-08 

