Node -7 3 0 2 2 1 0 0 0 1 
Node -7 -2 0 2 2 1 0 0 0 1 
Resistor -5 3 1 1 1 1 0 0 0 1 
Resistor -5 -2 1 1 1 1 0 0 0 1 
Resistor -3 0 1 1 1 1 0 0 0.7071068 0.7071068 
Resistor -1 0 1 1 1 1 0 0 0.7071068 0.7071068 
Resistor 1 -2 1 1 1 1 0 0 0 1 
Resistor 5 -2 1 1 1 1 0 0 0 1 
Resistor 7 0 1 1 1 1 0 0 0.7071068 0.7071068 
Resistor 5 2 1 1 1 1 0 0 0 1 
Node -3 3 1 2 2 1 0 0 0 1 
Node -3 2 1 2 2 1 0 0 0 1 
Node -3 -2 1 2 2 1 0 0 0 1 
Node -1 2 1 2 2 1 0 0 0 1 
Node -1 -2 1 2 2 1 0 0 0 1 
Node 3 -2 1 2 2 1 0 0 0 1 
Node 7 -2 1 2 2 1 0 0 0 1 
Node 7 2 1 2 2 1 0 0 0 1 
Wire -3.61 3 2 1.3934 1 1 0 0 0 1 
Wire -6.39 3 2 1.3934 1 1 0 0 1 -4.371139E-08 
Wire -6.39 -2 2 1.3934 1 1 0 0 1 -4.371139E-08 
Wire -3.61 -2 2 1.3934 1 1 0 0 0 1 
Wire -2 -2 2 2.5868 1 1 0 0 0 1 
Wire -0.9999999 -1.39 2 1.3934 1 1 0 0 0.7071068 0.7071068 
Wire -0.39 -2 2 1.3934 1 1 0 0 0 1 
Wire 2.39 -2 2 1.3934 1 1 0 0 0 1 
Wire 3.61 -2 2 1.3934 1 1 0 0 0 1 
Wire 6.39 -2 2 1.3934 1 1 0 0 0 1 
Wire 7 -1.39 2 1.3934 1 1 0 0 0.7071068 0.7071068 
Wire 7 1.39 2 1.3934 1 1 0 0 0.7071068 0.7071068 
Wire 6.39 2 2 1.3934 1 1 0 0 0 1 
Resistor 3 0 1 1 1 1 0 0 0.7071068 0.7071068 
Wire 3 -1.39 2 1.3934 1 1 0 0 0.7071068 -0.7071068 
Node 3 2 1 2 2 1 0 0 0 1 
Wire 3.61 2 2 1.3934 1 1 0 0 1 -4.371139E-08 
Wire 3 1.39 2 1.3934 1 1 0 0 0.7071068 0.7071068 
Wire -1 1.39 2 1.3934 1 1 0 0 0.7071068 0.7071068 
Resistor 1 3 1 1 1 1 0 0 0 1 
Node -1 3 1 2 2 1 0 0 0 1 
Node 3 3 1 2 2 1 0 0 0 1 
Wire 2.39 3 2 1.3934 1 1 0 0 0 1 
Wire 3 2.5 2 1.0568 1 1 0 0 0.7071068 -0.7071068 
Wire -1 2.5 2 1.0568 1 1 0 0 0.7071068 0.7071068 
Wire -0.39 3 2 1.3934 1 1 0 0 0 1 
Wire -2 3 2 2.5868 1 1 0 0 0 1 
Resistor 1 2 1 1 1 1 0 0 0 1 
Wire -0.39 2 2 1.3934 1 1 0 0 1 -4.371139E-08 
Wire 2.39 2 2 1.3934 1 1 0 0 0 1 
Wire -3 -1.39 2 1.3934 1 1 0 0 0.7071068 -0.7071068 
Wire -3 1.39 2 1.3934 1 1 0 0 0.7071068 0.7071068 
Wire -3 2.5 2 1.0568 1 1 0 0 0.7071068 0.7071068 

