Node -7 3 0 2 2 1 0 0 0 1 
Node -7 -2 0 2 2 1 0 0 0 1 
Resistor -2 3 1 1 1 1 0 0 0 1 
Resistor 2 3 1 1 1 1 0 0 0 1 
Resistor 0 1 1 1 1 1 0 0 0.7071068 0.7071068 
Node 0 -1 1 2 2 1 0 0 0 1 
Wire 5.960464E-08 -0.39 2 1.3934 1 1 0 0 0.7071068 0.7071068 
Node 0 3 1 2 2 1 0 0 0 1 
Wire -0.61 3 2 1.3934 1 1 0 0 0 1 
Wire -5.960464E-08 2.39 2 1.3934 1 1 0 0 0.7071068 0.7071068 
Wire 0.61 3 2 1.3934 1 1 0 0 0 1 
Resistor 2 -1 1 1 1 1 0 0 0 1 
Wire 0.61 -1 2 1.3934 1 1 0 0 0 1 
Node 4 3 1 2 2 1 0 0 0 1 
Resistor 4 1 1 1 1 1 0 0 0.7071068 0.7071068 
Wire 4 2.39 2 1.3934 1 1 0 0 0.7071068 0.7071068 
Wire 3.39 3 2 1.3934 1 1 0 0 1 -4.371139E-08 
Node 4 -1 1 2 2 1 0 0 0 1 
Wire 3.39 -1 2 1.3934 1 1 0 0 0 1 
Wire 4 -0.39 2 1.3934 1 1 0 0 0.7071068 0.7071068 
Resistor -2 -1 1 1 1 1 0 0 0 1 
Wire -0.61 -1 2 1.3934 1 1 0 0 0 1 
Wire -4.89 3 2 5.9834 1 1 0 0 0 1 
Node -4 -1 1 2 2 1 0 0 0 1 
Wire -3.39 -1 2 1.3934 1 1 0 0 1 -4.371139E-08 
Resistor -6 -1 1 1 1 1 0 0 0.7071068 0.7071068 
Node -6 1 1 2 2 1 0 0 0 1 
Wire -6.39 -2 2 1.3934 1 1 0 0 0 1 
Wire -6 0.39 2 1.3934 1 1 0 0 0.7071068 0.7071068 
Node -4 1 1 2 2 1 0 0 0 1 
Wire -5 1 2 2.586801 1 1 0 0 0 1 
Wire -4 0 2 2.5868 1 1 0 0 0.7071068 0.7071068 

