Node -7 3 0 2 2 1 0 0 0 1 
Node -7 -2 0 2 2 1 0 0 0 1 
Resistor -5 3 1 1 1 1 0 0 0 1 
Resistor -5 -2 1 1 1 1 0 0 0 1 
Node -3 3 1 2 2 1 0 0 0 1 
Node -3 -2 1 2 2 1 0 0 0 1 
Resistor -1 2 1 1 1 1 0 0 0.7071068 0.7071068 
Resistor -1 -1 1 1 1 1 0 0 0.7071068 0.7071068 
Wire -6.39 3 0.5 1.3934 1 1 0 0 0 1 
Wire -3.61 3 1 1.3934 1 1 0 0 0 1 
Wire -1.89 3 1 2.9234 1 1 0 0 0 1 
Wire -6.39 -2 0.5 1.3934 1 1 0 0 0 1 
Wire -3.61 -2 1 1.3934 1 1 0 0 0 1 
Wire -1.89 -2 1 2.9234 1 1 0 0 0 1 
Node 4 0 1 2 2 1 0 0 0 1 
Wire 1.39 5.960464E-08 1 7.5134 1 1 0 0 0 1 
Node 4 1 1 2 2 1 0 0 0 1 
Wire 1.39 0.9999999 1 7.5134 1 1 0 0 0 1 
Wire 4 0.5 1 1.0568 1 1 0 0 -0.7071068 0.7071068 

