Node -7 3 0 2 2 1 0 0 0 1 
Node -7 -2 0 2 2 1 0 0 0 1 
Resistor -3 3 1 1 1 1 0 0 0 1 
Resistor 2 3 1 1 1 1 0 0 0 1 
Resistor 2 1 1 1 1 1 0 0 0 1 
Resistor 2 -2 1 1 1 1 0 0 0 1 
Resistor -3 0 1 1 1 1 0 0 0 1 
Node -1 3 1 2 2 1 0 0 0 1 
Node -1 1 1 2 2 1 0 0 0 1 
Node 4 3 1 2 2 1 0 0 0 1 
Node 4 1 1 2 2 1 0 0 0 1 
Node 4 -2 1 2 2 1 0 0 0 1 
Node -1 -2 1 2 2 1 0 0 0 1 
Node -1 0 1 2 2 1 0 0 0 1 
Wire -5.39 3 2 4.4534 1 1 0 0 0 1 
Wire -1.61 3 2 1.3934 1 1 0 0 0 1 
Wire 0.11 3 2 2.9234 1 1 0 0 0 1 
Wire 3.39 3 2 1.3934 1 1 0 0 0 1 
Wire 4 2 2 2.5868 1 1 0 0 0.7071068 -0.7071068 
Wire 3.39 1 2 1.3934 1 1 0 0 1 -4.371139E-08 
Wire 0.11 1 2 2.9234 1 1 0 0 1 -4.371139E-08 
Wire -1 2 2 2.5868 1 1 0 0 0.7071068 -0.7071068 
Wire 4 -0.5 2 4.1168 1 1 0 0 0.7071068 -0.7071068 
Wire 3.39 -2 2 1.3934 1 1 0 0 1 -4.371139E-08 
Wire 0.11 -2 2 2.9234 1 1 0 0 1 -4.371139E-08 
Wire -1 -1 2 2.5868 1 1 0 0 0.7071068 0.7071068 
Wire -1.61 0 2 1.3934 1 1 0 0 1 -4.371139E-08 
Resistor -3 -2 1 1 1 1 0 0 0 1 
Node -5 0 1 2 2 1 0 0 0 1 
Node -5 -2 1 2 2 1 0 0 0 1 
Wire -4.39 -2 2 1.3934 1 1 0 0 0 1 
Wire -1.61 -2 2 1.3934 1 1 0 0 0 1 
Wire -4.39 0 2 1.3934 1 1 0 0 1 -4.371139E-08 
Wire -5 -1 2 2.5868 1 1 0 0 0.7071068 -0.7071068 
Wire -6 -2 2 2.586801 1 1 0 0 1 -4.371139E-08 

