Node -7 3 0 2 2 1 0 0 0 1 
Node -7 -2 0 2 2 1 0 0 0 1 
Resistor -5 1 1 1 1 1 0 0 0.7071068 0.7071068 
Resistor -3 1 1 1 1 1 0 0 0.7071068 0.7071068 
Resistor -1 1 1 1 1 1 0 0 0.7071068 0.7071068 
Resistor 1 1 1 1 1 1 0 0 0.7071068 0.7071068 
Resistor 3 1 1 1 1 1 0 0 0.7071068 0.7071068 
Resistor 5 1 1 1 1 1 0 0 0.7071068 0.7071068 
Node -5 3 1 2 2 1 0 0 0 1 
Node -3 3 1 2 2 1 0 0 0 1 
Node -1 3 1 2 2 1 0 0 0 1 
Node 1 3 1 2 2 1 0 0 0 1 
Node 3 3 1 2 2 1 0 0 0 1 
Node 5 3 1 2 2 1 0 0 0 1 
Node -5 -2 1 2 2 1 0 0 0 1 
Node 5 -2 1 2 2 1 0 0 0 1 
Node 3 -2 1 2 2 1 0 0 0 1 
Node 1 -2 1 2 2 1 0 0 0 1 
Node -1 -2 1 2 2 1 0 0 0 1 
Node -3 -2 1 2 2 1 0 0 0 1 
Wire -6 3 0.5 2.586801 1 1 0 0 0 1 
Wire -4 3 1 2.5868 1 1 0 0 0 1 
Wire -2 3 1 2.5868 1 1 0 0 0 1 
Wire 0 3 1 2.5868 1 1 0 0 0 1 
Wire 2 3 1 2.5868 1 1 0 0 0 1 
Wire 4 3 1 2.5868 1 1 0 0 0 1 
Wire 5 2.39 1 1.3934 1 1 0 0 -0.7071068 0.7071068 
Wire 5 -0.89 1 2.9234 1 1 0 0 -0.7071068 0.7071068 
Wire 4 -2 1 2.5868 1 1 0 0 -1 4.371139E-08 
Wire 2 -2 1 2.5868 1 1 0 0 -1 4.371139E-08 
Wire 0 -2 1 2.5868 1 1 0 0 -1 4.371139E-08 
Wire -2 -2 1 2.5868 1 1 0 0 -1 4.371139E-08 
Wire -4 -2 1 2.5868 1 1 0 0 -1 4.371139E-08 
Wire -6 -2 0.5 2.586801 1 1 0 0 -1 4.371139E-08 
Wire -5 2.39 1 1.3934 1 1 0 0 -0.7071068 0.7071068 
Wire -5 -0.89 1 2.9234 1 1 0 0 -0.7071068 0.7071068 
Wire -3 2.39 1 1.3934 1 1 0 0 -0.7071068 0.7071068 
Wire -3 -0.89 1 2.9234 1 1 0 0 -0.7071068 0.7071068 
Wire -1 2.39 1 1.3934 1 1 0 0 -0.7071068 0.7071068 
Wire -0.9999999 -0.89 1 2.9234 1 1 0 0 -0.7071068 0.7071068 
Wire 0.9999999 2.39 1 1.3934 1 1 0 0 -0.7071068 0.7071068 
Wire 1 -0.89 1 2.9234 1 1 0 0 -0.7071068 0.7071068 
Wire 3 2.39 1 1.3934 1 1 0 0 -0.7071068 0.7071068 
Wire 3 -0.89 1 2.9234 1 1 0 0 -0.7071068 0.7071068 

