Node -7 3 0 2 2 1 0 0 0 1 
Node -7 -2 0 2 2 1 0 0 0 1 
Resistor -5 3 1 1 1 1 0 0 0 1 
Resistor -5 -2 1 1 1 1 0 0 0 1 
Resistor 0 3 1 1 1 1 0 0 0 1 
Resistor 0 -2 1 1 1 1 0 0 0 1 
Resistor -3 1 1 1 1 1 0 0 0.7071068 0.7071068 
Resistor 3 1 1 1 1 1 0 0 0.7071068 0.7071068 
Node -3 3 1 2 2 1 0 0 0 1 
Node -3 -2 1 2 2 1 0 0 0 1 
Node 3 -2 1 2 2 1 0 0 0 1 
Node 3 3 1 2 2 1 0 0 0 1 
Wire -3.61 3 1 1.3934 1 1 0 0 0 1 
Wire -1.89 3 1 2.9234 1 1 0 0 0 1 
Wire -3 2.39 1 1.3934 1 1 0 0 0.7071068 0.7071068 
Wire -3 -0.89 1 2.9234 1 1 0 0 -0.7071068 0.7071068 
Wire -3.61 -2 1 1.3934 1 1 0 0 0 1 
Wire -1.89 -2 1 2.9234 1 1 0 0 0 1 
Wire 3 2.39 1 1.3934 1 1 0 0 -0.7071068 0.7071068 
Wire 3 -0.89 1 2.9234 1 1 0 0 -0.7071068 0.7071068 
Wire 1.89 -2 1 2.9234 1 1 0 0 -1 4.371139E-08 
Wire -6.39 3 0.5 1.3934 1 1 0 0 0 1 
Wire -6.39 -2 0.5 1.3934 1 1 0 0 0 1 
Resistor 5 1 1 1 1 1 0 0 0.7071068 0.7071068 
Node 5 -2 1 2 2 1 0 0 0 1 
Node 5 3 1 2 2 1 0 0 0 1 
Wire 4 3 1 2.5868 1 1 0 0 0 1 
Wire 5 2.39 1 1.3934 1 1 0 0 -0.7071068 0.7071068 
Wire 5 -0.89 1 2.9234 1 1 0 0 -0.7071068 0.7071068 
Wire 4 -2 1 2.5868 1 1 0 0 -1 4.371139E-08 
Wire 1.89 3 1 2.9234 1 1 0 0 0 1 

